,action_onnut,action_virtual,reward_onnut,reward_virtual,travel_time_onnut,travel_time_virtual,teleport_number
0,1,1,0,0,0.5685310151809367,0.0,0
1,1,1,11,0,3119.7531152986758,0.0,0
2,2,1,6,0,0.6055480157788299,0.14736034721202404,0
3,2,1,0,0,261.6646661559878,326.3539448352805,0
4,2,1,0,0,0.09748299406713393,0.35449136777227497,0
5,1,1,2,3,2.3843887114323725,0.93841167211474,0
6,1,3,0,11,46.58273798135471,98.06531366208299,0
7,1,1,23,5,276.03328117698373,0.8422638779106839,0
8,2,1,2,4,15.64185141770789,81.80725665421437,0
9,2,1,85,3,0.8082039772307688,0.2936454567790123,0
10,2,1,100,13,1.15592429323937,0.3362848533437975,0
11,1,1,86,1,98.07710530811656,0.6119135402427927,0
12,1,1,55,14,0.6768017904480357,33.529322363890074,0
13,1,1,70,24,11.301578551825576,68.45650500893056,0
14,2,1,82,9,12.351491281641787,94.47646990419157,0
15,2,1,94,4,98.20648771676395,297.428063983049,0
16,2,1,72,13,7.275574455520069,55.66121588998308,0
17,2,1,68,16,8.715690193320082,88.20642372049252,0
18,1,3,88,11,79.64224522764555,65.67589503725829,0
19,1,1,82,5,201.47803192667084,168.9843309959933,0
20,1,1,65,8,0.8026242416539424,0.3344749153735993,0
21,2,1,84,29,0.8508860579189669,0.3465428542247415,0
22,2,1,101,22,1.0629258365822811,18.636427617796407,0
23,2,1,100,12,26.72139786668884,92.9096745511282,0
24,1,1,79,11,0.567807628435871,0.3009401791418513,0
25,1,1,79,23,0.9810241818282261,0.3342442581768301,0
26,1,3,68,9,1.6819253670080399,0.7895684115402062,0
27,2,1,81,21,1.3020117813280103,16.728007000773335,0
28,2,1,115,18,10.64588923968592,51.12673805888034,0
29,2,1,128,28,1.3352571314779973,1.210592171653293,0
30,2,1,104,17,101.35549889663844,33.70410649505138,0
31,1,3,80,18,119.18787406710847,103.6555453935943,0
32,1,1,84,19,0.6585678208285991,2.203596137056201,0
33,1,1,74,19,0.8302616051622775,1.188379172794359,0
34,2,1,85,17,11.629881803350484,75.39805829014963,0
35,2,1,105,11,48.42121622045113,254.68667081505686,0
36,2,1,92,15,5.891274549209677,0.3121060044878293,0
37,2,1,84,16,327.9138947828516,68.6385187462133,0
38,1,1,75,27,250.61534163913066,24.20176584497142,0
39,1,3,80,12,91.54296076136474,137.38852827901928,0
40,1,1,68,17,19.06758296020095,178.3817950808865,0
41,2,1,89,19,30.336941802372607,930.9905478950399,0
42,2,1,102,10,25.38202022108308,81.12175886505904,0
43,2,1,100,14,133.94260995925433,148.89139097271013,0
44,1,1,69,16,2.492933893403917,2.0110282214147044,0
45,1,1,86,18,3.3734862274980255,21.777748243395095,0
46,1,1,61,21,113.79059150114716,174.32579657864022,0
47,2,1,95,11,254.6524242134577,81.71210900805332,0
48,2,1,111,22,289.3811785260457,800.7903223939016,0
49,2,1,117,21,325.0207606387108,368.65349683654665,0
50,1,3,85,28,576.2464538246757,929.1004303082983,0
51,1,1,68,12,429.19081985736585,1736.7931284555953,0
52,1,1,47,12,249.89218276226282,682.3285710300984,0
53,2,1,83,10,262.8130769612583,100.44102738699786,0
54,2,1,89,26,264.8449765074649,371.53298051665615,0
55,2,1,71,11,293.2944828255597,1154.8187551671856,0
56,1,1,46,12,450.99903597434684,948.5110665887748,0
57,1,1,55,19,421.68225683065987,458.00521493206037,0
58,1,3,53,24,61.55960917301441,361.3215935823479,0
59,2,1,69,5,227.09206566303124,1210.2335966513947,0
60,2,1,79,4,87.74015272107194,1332.039944345433,0
61,2,1,85,9,75.91907545462175,1908.342513207077,0
62,1,1,61,9,64.42571891486097,2703.4305880269685,0
63,1,1,41,2,65.42641534676095,2945.22847520483,0
64,1,1,49,3,56.778551604360395,3012.244872697947,0
65,2,1,71,15,65.93127427072292,2747.1297386295823,0
66,2,1,86,3,75.03487326645407,2858.4511133617802,0
67,2,1,82,3,1296.8386940037312,3034.3178294751438,0
68,1,3,63,7,3.0611011829122226,2765.0071096697557,0
69,1,1,87,12,87.35551085253068,2805.249402669798,0
70,1,1,58,7,93.76918001837919,2705.5813379991287,0
71,2,1,87,3,94.74972401780582,2818.402944589593,0
72,2,1,95,4,75.55793949777573,2934.189815178659,0
73,2,1,96,5,84.21744920487787,2934.192248711551,0
74,1,1,62,11,60.542454442237975,2751.014012747346,0
75,1,1,57,9,68.32230523644047,2966.2527382479498,0
76,1,3,42,15,51.11549529575145,2846.738637144964,0
77,2,1,83,13,74.3146456536014,1916.7694518708574,0
78,2,1,96,16,50.77806333939751,961.2526922069966,0
79,2,1,107,7,306.1740772667694,605.1616522161212,0
80,1,1,68,12,185.45590169982043,1267.9002491058895,0
81,1,1,79,11,565.1811411326885,1802.6514352665417,0
82,1,1,85,18,462.96058663865693,2266.8246415464932,0
83,2,1,107,1,182.92662480855745,2422.352738295201,0
84,2,1,115,9,168.48483165321386,2528.674775710406,0
85,2,1,108,20,1415.005439335937,2369.3105396935684,0
86,1,3,98,1,157.39990029975505,2405.5140773849416,0
87,1,1,92,7,533.6628725195098,2584.471984261921,0
88,1,1,43,0,314.4920936386209,2504.8964096791274,0
89,2,1,67,14,363.92420232986586,2476.9949487902486,0
90,2,1,90,10,455.9957932893163,2281.11505192023,0
91,2,1,84,1,1496.213350592734,2430.577054527713,0
92,1,1,58,13,424.1475216231925,2555.6545025201085,0
93,1,1,57,10,276.8511109342783,2335.460342698798,0
94,1,3,46,1,248.0298312197793,2441.3357338978967,0
95,2,1,78,12,255.81910706211994,2740.3465181174392,0
96,2,1,82,8,459.2624997441756,2466.942571249453,0
97,2,1,79,16,52.0092583288167,2544.0056243095773,0
98,1,1,77,11,52.92151682507303,2281.0061693801085,0
99,1,1,68,5,283.95633594418223,2431.268694427134,0
100,1,1,64,7,17.99489053038495,2640.807197553463,0
101,2,1,107,22,4.289421568503708,2220.4797114893445,0
102,2,1,120,5,117.21814002903433,1445.6954304601554,0
103,2,1,119,9,1225.9846487780908,1349.5225539774044,0
104,1,3,89,14,191.63777978646934,166.323548219748,0
105,1,1,83,22,116.52682510677063,472.44424206516135,0
106,1,1,105,26,16.6059638580082,651.1979083189971,0
107,2,1,106,8,305.0477096923947,912.4940221656334,0
108,2,1,110,8,47.2261503837823,1389.0102689073794,0
109,2,1,92,31,1342.374067658702,537.3963726806876,0
110,1,1,68,23,147.9706102008059,499.4832498008522,0
111,1,1,63,6,218.6868063336579,812.5990273099983,0
112,1,3,76,13,34.7561456717169,1066.270847489244,0
113,2,1,113,12,273.40781219221105,1246.0849051687221,0
114,2,1,110,18,67.44436206866378,43.87498824448951,0
115,2,1,110,21,834.7372868670352,10.47540801400841,0
116,1,1,83,22,3.0211561823761213,1.5411107560524107,0
117,1,1,92,26,8.077926115536595,0.8779582493718134,0
118,1,1,91,12,2.8556064814535396,13.292757197862027,0
119,2,1,120,17,15.839864475708962,1807.5747807348318,0
120,2,1,102,27,294.3075231874641,7.743602720727722,0
121,2,1,91,12,808.0308244419323,36.62067806630617,0
122,1,3,71,16,43.446968278141675,308.9654694443545,0
123,1,1,71,9,464.01034803037464,1386.2269937025133,0
124,1,1,46,16,504.83664532152636,804.4953334350516,0
125,2,1,74,19,564.1640543495848,997.0700758604239,0
126,2,1,84,34,645.5048457606382,855.0205737175006,0
127,2,1,82,16,1232.5190187257583,1380.2748958921325,0
128,1,1,61,22,596.5065812471661,1174.521748608419,0
129,1,1,33,30,704.6218008859372,1085.2927895007795,0
130,1,3,30,20,427.9817400043069,1134.1314040638808,0
131,2,1,59,2,936.8890426526102,834.1135884569661,0
132,2,1,69,5,4036.764231040162,1128.4389013131158,0
133,2,1,65,20,4569.682313700491,939.2337968494634,0
134,1,1,64,20,3442.7974640808557,782.3057455181286,0
135,1,1,72,20,2936.131260465664,502.2308469834307,0
136,1,1,39,19,3573.390700101699,531.5600266192178,0
137,2,1,70,28,468.3590961229834,316.5171458468863,0
138,2,1,82,31,344.4855371290499,1218.0644579459865,0
139,2,1,85,7,583.8514343704417,1668.225671899289,0
140,1,3,75,23,161.5464800766028,1065.9618155084772,0
141,1,1,75,21,320.69275583279295,1653.1669697026275,0
142,1,1,53,21,874.2115586289997,1074.8218119462576,0
143,2,1,76,10,17.043557678391284,1299.0546389062545,0
144,2,1,100,14,120.27911659222919,525.3694040980309,0
145,2,1,88,4,252.28422308236105,705.4396372911079,0
146,1,1,81,9,283.5828832981888,922.4214821633633,0
147,1,1,95,3,131.0571047279526,683.3726346389892,0
148,1,3,100,8,2.504195450022045,1382.692071552712,0
149,2,1,103,15,7.4642183187969335,737.4213438022241,0
150,2,1,106,25,49.79525127735452,858.7025773708126,0
151,2,1,117,14,421.5883530865144,112.20299653992895,0
152,1,3,73,20,6.476285590977565,0.7378796563077303,0
153,1,1,85,18,13.698537832286059,0.6698291227421261,0
154,1,1,75,12,20.639125562600718,28.464135400896854,0
155,2,1,85,14,640.5285792803833,102.20789106255359,0
156,2,1,83,13,696.2878164663717,124.2368138052612,0
157,2,1,85,19,1344.250546153142,286.2407372072581,0
158,1,1,55,21,568.9726582487486,582.812773807223,0
159,1,1,57,20,569.0742689908287,2484.4494856429383,0
160,1,3,44,15,547.9841718832143,1662.725498929757,0
161,2,1,71,10,600.2980306157717,1999.3713514913588,0
162,2,1,91,0,93.38114013726369,2277.0357373609227,0
163,2,1,111,7,700.7500403013756,2378.1643973994296,0
164,2,1,73,2,715.7070096174549,2371.599180789712,0
165,2,1,55,18,1551.36200770311,1773.9037073260977,0
166,1,1,77,23,1183.4049525241458,1276.9329030098484,0
167,1,1,86,12,482.6427751160401,1370.2957963190054,0
168,1,3,77,23,295.1851723057369,15.53207008743961,0
169,2,1,83,24,13.73277327158589,15.470841430647885,0
170,2,1,74,18,26.831704945409175,49.05798897720738,0
171,2,1,83,12,81.92484139536204,168.64990075486904,0
172,1,1,98,25,81.65689964826653,59.769710323030544,0
173,1,1,111,28,174.1306763223727,839.923096357418,0
174,1,1,80,8,233.70908332047344,2059.9904534569487,0
175,2,1,88,10,45.85660652777757,2559.906505202566,0
176,2,1,98,12,147.2414975506951,478.43288688670344,0
177,2,1,96,9,916.4148627328135,92.07484123998027,0
178,1,3,69,19,93.05777666229,10.382612251541225,0
179,1,1,64,13,334.74873380865813,61.212891811895894,0
180,1,1,53,10,11.87578907713893,47.63861119018434,0
181,2,1,80,11,27.86216710423485,134.4740405132993,0
182,2,1,100,15,110.02899075759525,642.7153382377203,0
183,2,1,50,26,879.7016977758906,1284.3947048061502,0
184,1,1,48,12,231.34993205462823,1292.9100711314202,0
185,1,1,50,27,122.92955772718021,1350.3875116917727,0
186,1,3,46,18,180.37229819168596,875.1472225058254,0
187,2,1,74,13,723.64267765287,51.082309368674096,0
188,2,1,84,15,812.7758953469902,419.2521304595083,0
189,2,1,87,24,679.5811496645673,516.8610241201902,0
190,1,1,61,27,723.2303694987936,452.78754750626973,0
191,1,1,45,14,811.8320066780151,904.3179898411366,0
192,1,1,40,24,812.7654127661993,332.64903240149846,0
193,2,1,77,17,767.6441756781192,2052.9976046703177,0
194,2,1,83,2,1014.5368157268114,2443.584097642396,0
195,2,1,83,18,1511.137950097886,2687.0752442045396,0
196,1,3,54,13,798.4696653510059,2917.359194740423,0
197,1,1,54,2,677.122549643282,2917.2871962388854,0
198,1,1,38,12,663.4226845922341,2854.773439108692,0
199,2,1,73,10,680.763590678119,2839.912908044477,0
200,2,1,81,10,474.9687800949255,2903.2145225482604,0
201,2,1,100,9,1157.5591029547277,2859.75692439842,0
202,2,1,101,0,800.0635597721654,2776.5405668571852,0
203,2,1,58,14,1369.575764275915,2992.637984418896,0
204,2,1,25,0,1288.1637897798928,2819.0161747520433,0
205,2,1,54,32,1273.3117872513678,1384.4798479938818,0
206,1,3,77,20,700.7048690889882,240.53415369073284,0
207,1,1,90,14,2463.009395870149,2264.9578576062872,0
208,1,1,101,13,2468.629671354609,1399.0933840755317,0
209,2,1,126,19,16.248007977562413,732.2741165895368,0
210,2,1,127,34,28.194899329551667,30.239100357798765,0
211,2,1,101,10,252.91642843660324,10.378860937195041,0
212,2,1,121,16,595.7140753298844,1.86542163742931,0
213,2,1,74,23,670.7310978108102,22.483298292833418,0
214,2,1,96,20,1402.9959412659384,19.33230118618776,0
215,2,1,83,18,1243.3627211329685,22.927215626011403,0
216,1,3,89,20,673.454065636907,1.370081951109434,0
217,1,1,104,22,187.03830091392476,30.13064434799758,0
218,1,1,99,14,68.56006507686804,32.34614135971959,0
219,2,1,112,9,18.62242554533409,1751.4879774692265,0
220,2,1,119,10,174.31728563005618,55.99139076221869,0
221,2,1,116,14,659.9354385102231,21.36224867303502,0
222,2,1,58,21,719.3495439710072,43.8217246952077,0
223,2,1,44,11,1451.433482122344,80.24074842186573,0
224,2,1,57,23,1351.6399452475146,2.548763556228056,0
225,2,1,49,21,1286.8927336550837,22.365586236129403,0
226,1,3,92,22,778.3416071964699,23.032173154363207,0
227,1,1,93,7,2108.8721320777336,811.7456969481661,0
228,1,1,90,18,448.22853559192885,1796.7696145554944,0
229,2,1,113,17,67.51626442874769,41.14510521103804,0
230,2,1,118,15,96.25851723240292,115.62969806371635,0
231,2,1,113,14,516.2635732976325,1.3866632830650873,0
232,2,1,76,8,671.9265135454796,0.7129281551402212,0
233,2,1,90,19,689.7697036243259,1.6772421532490998,0
234,2,1,93,22,706.4361231052951,12.478507302942772,0
235,2,1,92,11,719.0755833698009,82.27291064029079,0
236,1,3,99,15,75.96767212071055,737.23949053393,0
237,1,1,105,17,415.9549779637626,1532.2323883891506,0
238,1,1,114,20,82.10696713884674,214.98526117975547,0
239,2,1,111,13,26.075163855784314,45.492883086384005,0
240,2,1,124,9,108.33034831887981,16.23958965717668,0
241,2,1,114,14,764.4487120820049,0.557935609737213,0
242,1,1,100,16,11.155960122173388,12.33156300965492,0
243,1,1,116,17,78.05878285442547,11.944297861264573,0
244,1,3,118,16,49.66559318667294,77.36053039944072,0
245,2,1,109,10,15.952138608186836,15.007689228595371,0
246,2,1,104,21,107.67143834683525,17.796673470509727,0
247,2,1,84,10,753.0565373158693,7.566455214009706,0
248,1,1,68,18,23.99663835642199,2.1918602779532232,0
249,1,1,108,20,4.383161549468488,10.71662954001411,0
250,1,1,114,13,5.327341246453747,23.266275176236718,0
251,2,1,121,8,3.4103086015519146,17.032601052929067,0
252,2,1,113,12,11.937313094444997,8.763170124292559,0
253,2,1,113,27,615.8818963250997,15.248523218817365,0
254,2,1,65,13,630.2068356158767,11.585488802517617,0
255,2,1,34,11,645.9868075603864,14.22349697136357,0
256,1,3,56,18,313.58447428943475,3.195056604867466,0
257,1,1,96,20,286.57876742372923,15.314420384836325,0
258,1,1,98,14,105.55607833584348,26.94155720761435,0
259,2,1,101,15,11.317659775973135,42.75209983919509,0
260,2,1,92,12,5.677151286407032,1.138365335081827,0
261,2,1,105,22,564.0668054717686,1.0538712577168043,0
262,2,1,51,28,69.98694563398088,36.193425679463715,0
263,2,1,42,10,647.3739985427906,62.63890856669215,0
264,1,3,55,10,11.178413472778475,439.5240109051999,0
265,1,1,101,22,5.388362435214534,11.307255409184254,0
266,1,1,99,25,9.735981214577713,44.56768471676032,0
267,2,1,124,13,24.45259114145884,23.350727500317713,0
268,2,1,107,16,228.73132239425252,11.581303372553236,0
269,2,1,96,24,500.9277241032292,0.7050094875085171,0
270,2,1,42,23,551.8405959579322,27.911342423217224,0
271,2,1,33,8,884.1355002398969,30.12611832487372,0
272,1,3,59,17,9.01055922198869,16.093403768863222,0
273,1,1,91,14,7.880750718008188,54.92897088809337,0
274,1,1,108,14,24.833126202997178,859.0362151664325,0
275,2,1,110,10,22.33030840295755,5.800763781851419,0
276,2,1,111,12,329.4625035818753,31.599012050710154,0
277,2,1,121,12,470.93918451072403,1.6037337113860735,0
278,2,1,75,14,438.58007099746044,28.731912264658856,0
279,2,1,68,12,565.762734484004,3.5104396028769034,0
280,1,3,57,14,112.44402094830772,15.635126112652385,0
281,1,1,97,13,25.11868343980553,6.5956681467273155,0
282,1,1,84,20,361.57467697476153,14.634280171879157,0
283,2,1,88,10,10.853195295960777,2.145999952158656,0
284,2,1,100,15,29.57106208993241,16.502584697135944,0
285,2,1,101,32,1182.077612950956,7.374332099912743,0
286,1,3,88,23,946.8845838727641,19.5789416148937,0
287,1,1,81,12,1055.5616367212879,48.25992231431139,0
288,1,1,64,10,1018.7033327782419,31.028404357880852,0
289,2,1,87,19,1030.2100347055896,21.075162573832163,0
290,2,1,84,20,1005.426549182386,26.31407159210307,0
291,2,1,81,12,772.091014589825,67.61841447672555,0
292,1,1,74,16,729.6750296250398,10.517067747509808,0
293,1,1,75,19,714.3787594902169,12.955509250790259,0
294,1,3,68,23,129.7462927662257,12.302059773336222,0
295,2,1,107,13,2284.848663945264,58.231682245724066,0
296,2,1,124,21,2345.0948660618656,14.993549142631533,0
297,2,1,114,17,2383.8640659493,11.784275497220884,0
298,2,1,80,16,377.0330859649369,37.788109474395874,0
299,2,1,58,9,1112.6052793765696,12.6727871347446,0
300,1,1,60,11,579.3449311266454,35.969575167443764,0
301,1,1,92,13,2476.6579781275186,14.845225963532744,0
302,1,3,94,18,410.86009591271977,12.45208285201542,0
303,2,1,125,18,196.2881062053581,238.0432426198094,0
304,2,1,111,14,359.5360735983777,5.406004562006755,0
305,2,1,105,17,501.0119159120373,4.705636600354869,0
306,2,1,40,20,3165.73826456087,11.781893157943804,0
307,2,1,40,13,3180.804370151952,54.76493372186851,0
308,1,1,49,12,2850.4232718536337,13.25064170449823,0
309,1,1,75,29,2695.625724499475,3.092831084068193,0
310,1,3,98,25,2447.208129503193,16.950244785752933,0
311,2,1,77,11,2527.879762411829,77.66098371800231,0
312,2,1,67,12,2595.4914960308074,2.5354851296982153,0
313,2,1,69,15,352.46995422328484,11.948920463520619,0
314,2,1,40,19,326.18840076554756,10.453886569353543,0
315,2,1,24,13,2598.9771447990965,37.69293041721715,0
316,1,1,51,15,2827.4375314543504,5.6473924043501595,0
317,1,1,80,24,2434.4619004087967,6.894349818392634,0
318,1,3,90,14,1677.0859416374437,881.8772707261616,0
319,2,1,65,11,40.077223985890036,48.90861508497556,0
320,2,1,52,13,225.12376759255636,1.7393666108135266,0
321,2,1,58,23,362.98949029970277,26.42564711018054,0
322,2,1,53,14,392.17948806773506,1.8898397909277693,0
323,1,1,96,9,421.6847341097065,15.539042141622087,0
324,1,1,110,18,112.63860188965052,46.7076150078184,0
325,1,1,88,18,20.333495376203004,773.8403313695608,0
326,2,1,111,22,6.152959482018836,23.787127071851895,0
327,2,1,116,15,26.08674931664715,14.688622668489899,0
328,2,1,101,18,856.2571958980874,20.381739232230956,0
329,2,1,52,18,940.2240013717263,19.59884769242656,0
330,2,1,62,8,1947.4104203570191,82.59211850427633,0
331,1,3,90,17,1605.7368926281315,11.407245173093195,0
332,1,1,97,8,1368.5300815160083,12.179961530869264,0
333,1,1,94,19,883.2979620731592,81.68729446575034,0
334,2,1,102,14,148.03391260878794,95.35443302099509,0
335,2,1,116,9,389.25260768541943,79.34690870055128,0
336,2,1,107,8,29.174368335482814,24.93017848026169,0
337,2,1,112,12,188.37819358288277,20.639617309982135,0
338,2,1,104,12,34.69272348478864,13.595937585601224,0
339,2,1,94,10,365.89741761643046,51.54815896649522,0
340,1,3,45,16,63.37310228431293,2.5521438436836017,0
341,1,1,99,19,17.212633456393025,367.06327782508674,1
342,1,1,82,12,23.784554730896946,66.02004383739755,0
343,2,1,80,9,20.691938089065196,73.86879701519575,0
344,2,1,96,12,300.9115767023496,24.5779425966664,0
345,2,1,86,26,397.33266818739605,13.173358553238982,0
346,2,1,87,25,403.7964295956216,20.612990757157643,0
347,2,1,77,8,548.85649386427,15.67833859048446,0
348,1,3,63,12,17.51893715593816,19.98748819511641,0
349,1,1,103,18,702.9775384522825,37.74359682460044,0
350,1,1,100,16,663.9085192352015,816.9971078834019,0
351,2,1,101,10,215.1855381937786,19.560488810870712,0
352,2,1,105,17,748.855444140481,15.29110546326838,0
353,2,1,89,18,727.7374716725396,11.411348631320658,0
354,2,1,85,15,3100.3770069355164,35.50000774120341,0
355,1,1,68,15,2991.85732538341,12.066185911275692,0
356,1,3,92,13,2942.31896510208,17.464358881201118,0
357,1,1,87,17,2925.2750146376675,7.557212539232287,0
358,2,1,77,17,2392.6428481172366,13.672384572900688,0
359,2,1,98,11,2490.5177546878454,1.315841273583279,0
360,2,1,83,12,2874.8073100939678,17.8842078783233,0
361,2,1,99,10,3668.0309780489547,2.6137284734603226,0
362,2,1,64,27,3450.083493565474,34.22658263709135,0
363,1,1,85,13,3073.740808980354,10.204656803835194,0
364,1,3,96,17,2477.907483738149,2.841027734735265,0
365,1,1,88,22,2333.2217576855896,834.2516120449546,0
366,2,1,103,15,2471.6297682384147,9.39947392306997,0
367,2,1,121,14,2512.0259641478456,4.52360894202726,0
368,2,1,100,16,2607.1677812195317,0.7358092663977935,0
369,2,1,115,19,3042.1472536929423,454.49838708292475,0
370,2,1,81,18,3351.7324472083806,26.90735263074359,0
371,2,1,66,14,3309.574557310121,16.22780083075908,0
372,1,3,60,15,2725.0243249595633,3.725993954432738,0
373,1,1,104,16,2412.8799200398767,18.132374064107722,0
374,1,1,91,19,2429.0014887730167,41.807010855931054,0
375,2,1,93,12,271.4745884567529,7.992503391213805,0
376,2,1,78,16,312.5039790702419,1.1407895480283181,0
377,2,1,92,25,113.83345000602814,0.7014915553840859,0
378,2,1,109,27,43.75298143494334,29.978897057613967,0
379,2,1,74,9,922.0994886970535,66.5114350724888,0
380,1,3,70,18,2382.2148909282732,2.4749190681564532,0
381,1,1,90,31,2182.0877963277558,7.474087882325516,0
382,1,1,73,21,1677.7870275917314,31.092157248832308,0
383,2,1,79,13,147.36382780462526,79.73143176756273,0
384,2,1,73,14,46.587127519894494,1.3763957795177708,0
385,2,1,61,21,61.491373050190425,0.6493957446809229,0
386,2,1,72,22,52.85023965506073,43.13239335332616,0
387,1,3,70,15,19.46117129209211,3.874452827419653,0
388,1,1,99,15,7.10875664857141,56.00491757222277,0
389,1,1,93,16,4.84397139649832,879.6413552628402,0
390,2,1,78,13,7.4531363384080915,36.91197440752547,0
391,2,1,81,13,4.082565615814218,8.971332143424277,0
392,2,1,68,19,46.284587938976784,0.839503905600965,0
393,2,1,77,22,161.6016225129408,14.925095881746572,0
394,2,1,48,23,643.8745219717978,27.573953584638684,0
395,1,3,81,13,15.439730253636045,601.6701211958665,0
396,1,1,102,13,8.791552739474653,6.813208075734423,0
397,1,1,102,12,13.495512708544648,38.59569132683509,0
398,2,1,113,15,135.868207981095,17.524527136231484,0
399,2,1,123,13,44.48173168316942,243.4291797079251,0
400,2,1,107,15,535.5999145488312,23.154988198849793,0
401,2,1,120,21,1990.8781013305313,22.49286183771885,0
402,1,1,109,15,1687.4050805456168,222.99402568695697,0
403,1,3,107,12,1383.6715532264814,0.6118818283124899,0
404,1,1,88,15,1745.246020254374,0.30789266969879736,0
405,2,1,94,15,1852.1305090733035,46.098331621537035,0
406,2,1,78,9,1914.6001524836026,17.25169326698417,0
407,2,1,51,12,2094.338261185368,86.86134767354282,0
408,1,1,48,14,1759.2415163466512,19.005723836994047,0
409,1,1,73,12,1270.886849495411,29.725776042663476,0
410,1,1,79,29,1546.7206032687202,114.0282242897762,0
411,2,1,81,18,703.9148134010603,207.39645048100857,0
412,2,1,106,16,423.14756024952914,25.132652278096337,0
413,2,1,83,13,373.7220824553312,118.8551728891145,0
414,1,3,98,12,11.81850886098728,148.57891232728159,0
415,1,1,106,8,348.54843499214746,695.3252710848586,3
416,1,1,58,22,477.5343202466222,1964.5199951499046,0
417,2,1,97,21,3.9344332244179356,1444.9504889993327,0
418,2,1,110,11,318.2404678542675,106.65484425846716,0
419,2,1,88,3,181.9411182121787,297.13056891341984,0
420,1,3,75,11,224.3140268962421,818.9291302768247,0
421,1,1,51,16,240.79404281251914,1051.5187931047121,0
422,1,1,54,14,240.71174804371714,1743.6580229829433,0
423,2,1,83,3,372.7798221198721,1868.2423000377578,0
424,2,1,93,10,696.9421886723916,2476.03379010105,0
425,2,1,99,6,702.4500326265256,2114.520827467409,0
426,1,3,65,9,221.4403788769726,2094.4589918986153,0
427,1,1,51,2,209.99919506485278,1552.2937660843697,0
428,1,1,54,13,15.54590076752162,931.6241165580726,0
429,2,1,69,32,296.9622570996108,706.4187462614008,0
430,2,1,71,6,321.8531888864341,1097.0640498465514,0
431,2,1,79,8,370.80975012940036,1661.8600724347205,0
432,1,1,64,6,490.0573963343166,2221.0431793140474,0
433,1,1,50,20,174.53539832766663,1232.3743078170226,0
434,1,3,55,7,169.8601926779976,474.1581870238271,0
435,2,1,70,2,309.6955047495262,1168.5696930220538,0
436,2,1,86,7,452.3344453676744,2157.3552642431614,0
437,2,1,76,1,501.65667071784804,2611.7179880700046,0
438,1,1,53,9,229.08741211619179,2817.9576347333127,0
439,1,1,48,9,302.5585863158386,2666.488741197962,0
440,1,1,50,10,427.2989192935157,2581.267162059168,0
441,2,1,80,7,427.225468184953,2455.7820128988856,0
442,2,1,101,7,457.67250499792164,2476.8575141262313,0
443,2,1,87,5,1409.2260461960504,2727.651814262261,0
444,1,3,56,3,863.539593643625,2788.727563686862,0
445,1,1,46,17,931.1895654467734,2513.1359467292073,0
446,1,1,44,6,540.5509279096573,2685.3945422545535,0
447,2,1,51,0,1301.1346378944809,2823.867979871964,0
448,2,1,50,0,1270.3477537886135,2751.473497172273,0
449,2,1,54,0,1196.8203599955461,2808.0714285714284,0
450,1,3,38,11,1506.140650942732,2657.6124704277577,0
451,1,1,46,9,2140.797025876342,2727.666083566244,0
452,1,1,63,18,2771.3163888653744,2570.885839945604,0
453,2,1,73,17,2854.401965639188,2394.2492472247645,0
454,2,1,42,16,2910.0566070881414,2433.4233064413665,0
455,2,1,81,1,3335.2443496391643,2570.9271158871043,0
456,1,1,50,7,3416.8728492526684,2816.578628691732,0
457,1,1,40,13,3497.926020550841,2464.6865855874325,0
458,1,3,33,4,3403.208057291972,2669.6054105767107,0
459,2,1,43,6,3234.740368149809,2836.8114284862218,0
460,2,1,62,7,3702.5431840818296,2742.267623488822,0
461,2,1,67,0,3177.323883793937,2684.6245500474765,0
462,1,1,80,18,3170.95860416465,2664.026382582248,0
463,1,1,52,15,3368.080146896243,2814.6471738942087,0
464,1,1,79,11,3821.297661668563,2587.226546170475,0
465,2,1,61,9,3456.963886331879,2007.3720542620692,0
466,2,1,72,6,3721.4991320651716,1172.719252563819,0
467,2,1,36,0,3644.788652936968,1491.6799177511516,0
468,1,3,50,5,3368.3341243566633,1461.2667192801364,0
469,1,1,78,15,3094.924216605643,2054.4961919236425,0
470,1,1,77,18,2822.8765707155376,2282.3102359589902,0
471,2,1,70,2,3033.301062935356,2437.188699445069,0
472,2,1,80,5,3282.8831366331183,2455.8126214664835,0
473,2,1,80,0,3350.0129817029915,2500.027675887588,0
474,1,3,78,15,3793.3999187349855,2478.208771996659,0
475,1,1,63,6,3708.8393321675385,2513.7289976597335,0
476,1,1,44,17,3461.5102163474726,2413.014510482647,0
477,2,1,58,10,3682.8435302342814,2252.155839309617,1
478,2,1,60,10,3891.6131927118904,2216.63082130592,0
479,2,1,59,3,3919.034812355328,2471.024882649991,0
480,1,1,32,7,3742.752678918545,2537.0194084563987,0
481,1,1,31,9,3792.865465108484,2362.0963333994564,0
482,1,3,23,3,3835.3819920772157,2555.5021070541716,0
483,2,1,1,9,3896.0325040188654,2489.226700526908,0
484,2,1,49,2,3905.6655730144244,2820.139180921072,0
485,2,1,62,3,3726.3261992999123,2786.7813962341233,0
486,1,1,29,7,3954.968827445375,2628.1846074475266,0
487,1,1,9,0,3847.591662173604,2586.411167860323,0
488,1,1,12,6,4454.829805122674,2612.628198746141,0
489,2,1,27,12,4528.235723273921,2280.1499350700606,0
490,2,1,60,8,3317.6924420463038,2311.51370008893,1
491,2,1,97,7,3808.673665829916,964.4741043886835,1
492,1,3,63,7,3992.164268926315,1130.68820482571,0
493,1,1,40,7,3658.4788924622994,2352.4212946856414,0
494,1,1,47,5,3400.8866681117684,2455.754863734584,1
495,2,1,49,5,3830.50711277727,2476.1739517463266,0
496,2,1,60,7,3532.869959891659,2783.6530667290285,0
497,2,1,64,13,3803.741824273169,2510.864871535546,0
498,1,1,40,18,3482.0843500792275,2513.647944660158,8
499,1,1,44,2,3437.4923253581014,2458.8286585279243,0
500,1,3,44,7,2982.1980553235862,2579.3343221848822,0
501,2,1,58,11,2773.145504374482,2404.4880456742517,1
502,2,1,74,12,226.44535202996377,2028.6699642367382,1
503,2,1,79,11,671.8161977095469,1006.5547959310272,5
504,1,1,54,8,336.1308059225611,175.49433631386245,2
505,1,1,67,8,318.19590670176507,589.9563086658783,1
506,1,1,40,3,313.8929488014923,641.0284789278286,1
507,2,1,80,11,277.42770556150793,416.88068648455345,0
508,2,1,90,17,18.052391212248644,186.04545078454345,1
509,2,1,98,32,117.01512133622735,95.19193347429193,0
510,2,1,98,32,153.28381912974385,579.017192483366,0
511,2,1,69,10,726.6206636510065,761.2605418775452,0
512,1,3,87,8,73.60358754925976,2027.4802237068368,0
513,1,1,69,4,114.8367210634036,1819.3169177586865,0
514,1,1,70,2,254.6851601817625,3064.4474200371874,0
515,2,1,86,0,384.6228704606979,3193.206744192922,0
516,2,1,82,3,228.82246954465236,2939.7891398955626,0
517,2,1,87,6,358.7606809114176,2905.535622447923,0
518,1,1,57,2,259.35679912806967,3015.026422331988,0
519,1,1,55,0,108.79660144453626,3151.735703092868,0
520,1,3,51,20,108.82766002141334,2342.3244899091465,0
521,2,1,78,28,223.41031505623806,1684.476557820482,0
522,2,1,82,14,359.86462346969705,2781.8623538121738,0
523,2,1,87,11,379.34694332268595,2791.183573468656,0
524,1,3,54,10,193.5419910084348,2770.529274431481,0
525,1,1,62,10,60.94951730418059,2703.4343007276198,0
526,1,1,48,7,137.0610564480341,2585.9542555731714,0
527,2,1,71,1,188.41557651457043,2873.346665322472,0
528,2,1,82,8,150.84104837387466,2959.9730747436925,0
529,2,1,64,9,805.6420026230913,2612.2272880631854,0
530,1,1,58,17,61.89536652068368,2533.3918399509125,0
531,1,3,55,13,2720.3776082540335,2756.396652297761,0
532,1,1,51,8,2614.137512620671,2823.388205180689,0
533,2,1,72,22,2290.395709730908,2729.175854123884,0
534,2,1,98,15,2208.596736857165,2568.5013589494565,0
535,2,1,102,2,3285.004379815927,2773.0022082900446,0
536,1,3,83,13,61.174152006153825,2857.080866349217,0
537,1,1,64,21,1911.957161781307,2692.112472093603,0
538,1,1,43,2,2600.199583246315,2753.714118373057,0
539,2,1,70,18,2160.7106050099146,2978.0564055724913,0
540,2,1,83,11,837.845082268842,1577.3250497579215,0
541,2,1,62,13,2253.22275301115,41.71794852545101,0
542,2,1,51,22,2960.670444582445,14.074830863307788,0
543,1,3,78,15,2592.6499484822466,182.70261591312493,0
544,1,1,84,13,2027.3238048193605,34.48176527192874,0
545,1,1,77,10,2010.225438532678,12.205161007738027,0
546,2,1,72,13,1961.6991000754567,30.65340897147656,0
547,2,1,84,16,1998.5014773722173,12.360522261374342,0
548,2,1,85,13,2526.368691427529,1.906285459389406,0
549,1,1,75,12,2642.4014312792983,27.87810983333046,0
550,1,1,42,14,2593.764191773983,30.313781854996083,0
551,1,3,51,11,3090.6791920923197,963.658739051594,0
552,2,1,63,14,2522.264529034227,1100.644460929535,0
553,2,1,63,20,3127.410330737399,801.5659378935949,0
554,2,1,52,17,3213.871269572305,770.8397903083771,0
555,1,1,90,16,2239.6392841691227,1017.041686155005,0
556,1,1,100,19,2517.1412863063733,585.1741139216405,0
557,1,1,72,23,2505.5484169759575,529.6811184252439,0
558,2,1,59,18,2228.969412078997,793.1897933546824,0
559,2,1,63,18,535.3495261512055,229.47861940469733,0
560,2,1,45,23,201.66122147507207,122.46265770300629,0
561,1,3,76,22,2239.3432018963877,672.0455201643134,0
562,1,1,78,19,1871.9613435902947,254.9439813429383,0
563,1,1,76,9,2357.6742524664273,69.31827589799825,0
564,2,1,79,15,1843.943151954925,262.89687950973894,0
565,2,1,94,18,62.36766957476573,108.57379167549762,0
566,2,1,100,20,40.84190661900797,38.60702774450535,0
567,2,1,92,16,47.219659159769165,217.50033563130214,0
568,1,1,77,18,35.057579594119524,30.077071455284724,0
569,1,3,75,20,1561.7357471012263,46.467733078416565,2
570,1,1,82,12,1574.4232498923564,311.2696118719851,0
571,2,1,83,13,384.9595477616653,2257.4543397895713,0
572,2,1,75,13,337.5697673420278,113.3958904270084,0
573,2,1,60,15,400.4059651962137,47.346283413699005,0
574,1,1,79,17,483.200754928636,33.06871853643119,0
575,1,1,97,15,622.7179493943203,281.54969243944066,0
576,1,1,70,22,1145.8143609422757,27.50207697008814,0
577,2,1,97,38,1585.6194380449422,297.669493067123,0
578,2,1,103,20,2232.9709849766173,98.69857270374398,0
579,2,1,90,34,2195.230085414456,62.48643890896818,0
580,2,1,70,19,2284.3190596793356,1397.3273756810834,0
581,2,1,63,33,2150.528816070491,1914.2030361518857,0
582,2,1,72,19,2257.9961317559487,462.6516794287195,0
583,2,1,42,14,2296.290195450466,47.36604795763724,0
584,1,3,74,20,2171.141543198458,43.96259832582294,0
585,1,1,75,23,597.7945368434375,33.05425490246226,1
586,1,1,94,14,534.672834261992,48.22116210732193,0
587,2,1,98,11,1663.4824194070347,587.171735951682,0
588,2,1,96,11,2057.702472140008,40.200784527857614,0
589,2,1,79,12,2006.2090655426812,19.894395672328017,0
590,2,1,76,10,1926.2231129868715,35.27271451932407,0
591,2,1,75,22,1917.5825155326058,53.38698745260944,0
592,2,1,58,12,1911.9086058694418,19.795459391375072,0
593,2,1,76,10,1788.654595350861,39.92228564559791,0
594,1,3,79,14,1450.3920779576986,2.0211082540846146,0
595,1,1,81,20,1636.7423780984743,33.68515176274176,0
596,1,1,66,8,216.29736087891396,36.595018108569654,0
597,2,1,85,19,9.002863835456433,774.3368787450466,2
598,2,1,89,22,324.28360550081936,232.00123397451603,2
599,2,1,26,16,689.117347700737,18.125777199973104,0
600,1,1,66,16,617.2093356508032,219.58537024718083,0
601,1,1,45,19,665.272867404222,512.5909859171956,0
602,1,3,48,18,598.3660249542314,1079.9902473319164,0
603,2,1,77,4,146.18418402102375,713.5853340114584,0
604,2,1,113,14,69.68914595363297,1041.527450939444,0
605,2,1,109,12,84.02222080618836,1589.146649897797,0
606,2,1,125,13,370.1719214870098,2276.1511153630395,0
607,2,1,85,24,376.23354551543196,2068.9727581396396,0
608,2,1,74,14,891.0129766131444,1385.9767027742857,0
609,2,1,46,20,638.4712338066262,1.2436680367448638,0
610,1,3,85,25,22.62421399711658,0.7816220257203355,0
611,1,1,102,24,14.473831826859435,17.468071469201615,0
612,1,1,107,14,15.423982045542608,4.085241227055445,1
613,2,1,105,15,29.26410056945186,1859.6907305853028,0
614,2,1,98,10,89.3710170090984,29.011271129265225,0
615,2,1,71,11,505.39760830113465,30.32558485037382,0
616,2,1,86,12,1174.830551772948,2.2141349790935343,0
617,2,1,78,16,3437.1178782085053,36.61827267385132,0
618,2,1,67,14,3244.9656861024832,25.725786460588054,0
619,2,1,42,8,3354.5510013550484,59.9357592021894,0
620,1,3,81,11,3008.3886821295237,4.195621947002122,0
621,1,1,104,16,2402.6392483005134,15.624897696838817,0
622,1,1,80,25,2493.9007015256593,10.84383094937353,0
623,2,1,82,8,2567.208086205227,4.364628774003574,0
624,2,1,102,31,306.8052455098994,18.343342521114703,0
625,2,1,100,14,228.36441974594663,59.15046821535017,0
626,2,1,101,9,313.77647639263904,60.65614062747321,0
627,2,1,83,8,2628.8092173854366,107.04574379943274,0
628,1,3,63,18,2006.3732652057058,20.700417768585766,0
629,1,1,88,10,1901.8756240616515,19.30846920084655,0
630,1,1,92,13,1963.7653192639916,3.093400454207362,0
631,2,1,99,11,2268.6230102343025,22.693602905643818,0
632,2,1,102,13,2230.847016431452,3.443271051178897,0
633,2,1,59,14,320.44695834599395,17.048174688793516,0
634,2,1,58,11,782.9359681361536,37.65513590716128,0
635,2,1,10,13,1405.647570821076,29.625688168264325,0
636,1,3,55,15,2371.095772910245,19.6726849422291,0
637,1,1,76,11,2082.3308194768733,9.126600480916096,0
638,1,1,89,15,2268.981769137911,27.375648068007138,0
639,2,1,89,12,807.1802005992001,17.968622317180785,0
640,2,1,90,16,561.807961160736,20.11823465348431,0
641,2,1,37,11,507.1741783654733,1.7345170238589867,0
642,2,1,46,15,173.18765125873762,16.045958762786956,0
643,2,1,87,11,32.35241578903765,5.105267977404858,0
644,1,3,68,16,317.19371951663584,13.980195257048173,0
645,1,1,95,18,109.3335606446588,34.02552871161505,0
646,1,1,99,9,51.57538348306608,6.8993714108365465,0
647,2,1,91,11,13.392897140372614,26.808527808976088,0
648,2,1,97,17,13.09309752269318,5.6527263961173775,0
649,2,1,85,22,11.939974481396199,1.2107273837391992,0
650,2,1,90,27,648.4220467452466,15.327214943209974,0
651,2,1,49,13,553.1068235937365,57.05506930500752,0
652,1,3,72,15,16.855985082547562,26.534640809028573,0
653,1,1,119,19,20.538355246694866,22.885072867975484,0
654,1,1,88,16,25.08285967341253,12.638419643362163,0
655,2,1,94,10,686.0429956154255,47.5540155268136,0
656,2,1,93,12,89.38468760931802,1.5374643680643159,0
657,2,1,92,15,101.66997587641876,19.195242911457022,0
658,2,1,110,7,49.20125150651732,14.963523591104266,0
659,2,1,98,13,1225.0903544457738,16.09048405140448,0
660,1,3,60,16,2976.400053825514,1.4120286116813834,1
661,1,1,107,13,2365.3288621964875,5.56263871527073,0
662,1,1,100,10,2162.6425581239387,1822.9830592507462,0
663,2,1,96,13,2301.1993899895474,8.826608915213024,0
664,2,1,90,14,2398.945960568415,5.414301624652398,0
665,2,1,105,19,2455.2626781804865,2.138424792293665,0
666,2,1,94,26,2736.2529639832314,22.346995382509856,0
667,2,1,89,8,3111.6937550839175,52.05540260599273,0
668,1,3,62,15,2679.1586848236207,417.61069989235847,0
669,1,1,106,15,2375.603474953699,18.892490381188054,0
670,1,1,89,24,2353.357319526949,170.10140108884545,0
671,2,1,95,19,2496.7655532671297,130.59145566662914,0
672,2,1,83,15,98.51504312742458,12.866697445369196,0
673,2,1,60,22,56.28606205695286,21.99412927865768,0
674,1,1,75,23,113.74116175568032,19.608549383139948,0
675,1,1,111,15,1294.2996896543882,320.3436342903051,0
676,1,3,93,20,2104.987050404204,39.09501582906594,0
677,2,1,85,24,99.0208456142089,37.78615350153342,0
678,2,1,98,17,33.32397539189717,20.372055635467873,0
679,2,1,96,21,86.67137472614452,24.624906667340426,0
680,1,3,55,19,21.314929082883264,28.520776834142286,0
681,1,1,100,12,11.331498395681875,28.594523791414574,0
682,1,1,94,14,5.9711521463326305,1966.6933705327945,0
683,2,1,108,9,18.673025531258965,67.28949488905155,0
684,2,1,94,8,12.34367354849904,9.501437946332455,0
685,2,1,101,28,22.787512880014315,3.592279548516076,0
686,2,1,86,21,15.685558411346118,21.102804732620935,0
687,1,3,87,17,55.598524998260984,48.946556070643794,0
688,1,1,84,23,14.468317527788066,10.059482599066987,0
689,1,1,74,22,6.9713459296430065,20.330151167679148,0
690,2,1,103,13,8.943218602635621,34.889993693417054,0
691,2,1,100,12,63.562288311165176,14.412234254770839,0
692,2,1,42,15,435.9948943254731,32.317401676813844,0
693,2,1,46,13,1257.9334090493187,29.369155748305097,0
694,2,1,9,11,1196.8174844744203,38.31033253082555,0
695,1,3,82,15,1038.518995533495,4.359995275473289,0
696,1,1,60,10,292.1886989659926,17.115158133795717,0
697,1,1,90,11,356.4508400335345,92.88586818873404,0
698,2,1,104,21,355.13992191274866,32.520728687152655,0
699,2,1,101,12,44.5555453811351,11.298982440462089,0
700,2,1,63,15,38.919315815099836,0.667082770402045,0
701,2,1,92,20,295.596294331741,8.936355855323496,0
702,1,1,87,17,11.842888008735907,24.13368558026253,0
703,1,3,105,12,153.0812730235218,44.07795739428146,0
704,1,1,75,13,15.48955270253596,8.83741658617726,0
705,2,1,113,16,48.17089005619131,19.303492736707604,0
706,2,1,125,17,118.44892034655132,27.27806062518093,0
707,2,1,108,11,2351.0880035872224,1.4977504066093936,0
708,1,1,61,13,2492.989765028402,52.77672289878526,0
709,1,1,73,16,1971.182287774945,39.055409945210876,0
710,1,1,94,9,2346.6433471004325,229.89772370710526,0
711,2,1,94,15,2047.1809688521757,56.64804413489351,0
712,2,1,94,21,2102.757931236399,0.7687307886555191,0
713,2,1,120,26,1275.1036770973117,10.155690804548362,0
714,2,1,61,27,451.00703769532885,27.750366346404512,0
715,2,1,75,11,1008.5076971318927,53.07703863909494,0
716,1,3,72,21,14.797723072521485,12.126521294759483,1
717,1,1,96,18,10.021538706894303,23.285092562211716,0
718,1,1,102,11,759.6498069175124,47.98213488736325,0
719,2,1,105,11,23.42840400155401,72.21898417780706,0
720,2,1,88,13,78.83789524298804,10.972884520696136,0
721,2,1,80,22,345.0253500465444,14.628286712897426,0
722,2,1,29,19,49.73706602257704,33.22559256042133,0
723,2,1,84,19,33.67067030377505,18.820805582345443,0
724,1,3,56,16,45.46563075167747,3.576856527195229,0
725,1,1,93,18,15.151667366497568,1896.0075514814216,0
726,1,1,110,11,10.745464852488542,835.6572511284785,0
727,2,1,98,8,27.207630766872835,32.35124329029762,0
728,2,1,93,12,13.96547044081755,35.658413511530334,0
729,2,1,99,17,29.11072861681245,1.9875606797866996,0
730,2,1,82,11,50.330326823737515,422.5385708938179,0
731,1,1,73,8,21.98636860103815,660.0794660291247,0
732,1,3,100,16,6.843358814594969,1619.6478268508702,0
733,1,1,97,29,6.050097369630992,822.5634899220296,0
734,2,1,96,24,3.60495036133921,221.9959478201267,0
735,2,1,112,11,63.72216300798507,24.365948649466695,0
736,2,1,109,15,1101.141132940236,20.734639910668786,0
737,2,1,93,9,1082.9848244807058,142.54261101718438,0
738,2,1,64,8,1187.8932716700701,116.50614187604033,0
739,1,3,88,20,737.7222556752326,2.300371167088067,0
740,1,1,81,22,21.598344758390223,10.67954138265573,0
741,1,1,98,28,18.644445046277013,26.01856585568737,0
742,2,1,113,13,29.194097612295312,45.63665829659892,0
743,2,1,112,8,85.5464193368511,108.50194167391645,0
744,2,1,100,12,524.1448201448795,55.38424671166714,0
745,2,1,90,9,123.71203618274923,146.24371987654905,0
746,2,1,85,9,2736.788270944182,85.36441836099846,0
747,1,3,88,21,2405.060219223032,91.68712296835615,0
748,1,1,114,24,2116.0798528950845,30.6448848145313,0
749,1,1,90,30,2122.012160521119,42.93249903243429,0
750,2,1,109,25,643.0996223833512,38.11699228243472,0
751,2,1,112,13,123.81355080891683,144.25320325031853,0
752,2,1,100,13,305.4424583738975,20.46613316246038,0
753,2,1,106,9,84.76227358553916,90.90302239291132,0
754,2,1,70,9,89.49163884411827,160.9083636114554,0
755,2,1,110,11,102.02544825174608,144.74215164546948,0
756,1,3,71,21,299.7616157955025,6.834232063345267,0
757,1,1,98,16,19.469383845927794,4.490953602605874,0
758,1,1,106,18,21.532139168564807,31.132301508521834,0
759,2,1,113,17,40.20995671687228,69.29040827152602,0
760,2,1,101,12,121.42875379526917,2.2625207540186354,0
761,2,1,78,14,491.3991539305608,0.8974528107124047,0
762,2,1,68,16,759.3481929613671,69.8655306384924,0
763,2,1,60,15,1098.9113686817288,17.49433303219438,0
764,1,3,71,18,398.6851837531328,52.693980711598826,0
765,1,1,99,11,30.710838164434985,44.87768785473935,0
766,1,1,95,11,13.978149698325792,1058.3867390757025,0
767,2,1,108,12,12.386495658390988,19.19341344075916,0
768,2,1,92,12,6.011880506511855,2.2302692788404137,0
769,2,1,110,33,80.57503666128103,27.579532054467716,0
770,2,1,56,13,606.6817209422336,1.954168766550653,0
771,2,1,37,13,603.5718832117385,11.576779522754803,0
772,1,3,62,18,21.206628144999357,4.848526905934929,0
773,1,1,89,14,12.188834713879139,36.326085630398936,0
774,1,1,106,14,9.539007706101568,28.04208605935523,0
775,2,1,104,10,29.785187621623766,974.658184004992,0
776,2,1,109,11,43.427040790455436,17.974571411631842,0
777,2,1,92,15,64.06787620865938,0.9576606915003865,0
778,2,1,94,25,832.8510328681915,40.43306744394035,0
779,1,1,89,16,336.71339046890495,10.924514278798405,0
780,1,3,98,13,15.271619966000504,18.529317080613676,0
781,1,1,107,14,11.979182690283139,18.607546235543268,0
782,2,1,83,27,15.49865151738141,378.6767816476013,0
783,2,1,85,13,8.91557820120575,17.073506519409158,0
784,2,1,103,14,12.953401329753348,25.24587603395591,0
785,2,1,130,17,61.47384159205325,13.524001429772875,0
786,2,1,74,9,343.09043426908397,26.595373853572042,0
787,2,1,105,11,2478.9828756893467,24.195719164332463,0
788,1,3,68,17,2044.1210781838008,7.1864276901003015,0
789,1,1,99,16,1732.9085779363554,24.09813952608161,0
790,1,1,106,16,351.39482194733006,55.71103520771986,0
791,2,1,103,10,59.30093894466601,33.39052014885817,0
792,2,1,91,17,95.07006872297536,37.287371848659845,0
793,2,1,90,19,315.39535172787566,22.374226903581715,0
794,2,1,39,8,481.06839432371737,47.024564115621146,0
795,1,3,68,9,304.33109006636636,13.762991307082887,0
796,1,1,95,13,7.918266280609677,243.18569569834878,0
797,1,1,88,23,9.636828407796358,886.1448406765692,0
798,2,1,111,13,6.963629226014594,301.710584276451,0
799,2,1,118,10,57.334632613123794,67.88505541537377,0
800,2,1,90,11,5.7354406005401835,0.7071993484473215,0
801,2,1,116,16,112.35555717897806,24.033254570342216,0
802,2,1,67,18,591.9297362704424,17.14840789961534,0
803,1,3,86,18,45.330644958669545,57.53728363849062,0
804,1,1,110,16,16.77113834045452,19.81387564143296,0
805,1,1,105,35,9.796825717565572,264.16266660229536,0
806,2,1,73,13,78.94825180390205,281.81764529702366,0
807,2,1,62,8,31.310478864125127,12.3508625283247,0
808,2,1,84,18,324.45359005328237,31.75959829620586,0
809,2,1,96,22,128.55830230759943,452.60581527457816,0
810,2,1,87,9,89.98033292031043,107.01220909191365,0
811,1,3,80,19,22.171403285598167,22.296967044200684,0
812,1,1,95,17,7.802861278514952,799.8262549024848,0
813,1,1,100,24,8.286563524800828,1631.672233361208,0
814,2,1,115,13,16.008646449285276,34.728019132306834,0
815,2,1,108,14,303.1860573764471,26.74293225740467,0
816,2,1,46,16,1063.7113053231856,0.7294835030342998,0
817,2,1,71,21,1039.9012696506788,5.575128584083515,0
818,2,1,52,28,1051.1751109384554,29.923970033801808,0
819,2,1,21,14,966.1306568671755,21.513573095640133,0
820,1,3,53,15,685.9256075294427,18.264096228956202,0
821,1,1,103,24,621.5065499132106,20.58926727712615,0
822,1,1,100,9,2283.515662471059,1159.8260903922794,0
823,2,1,108,13,2425.847233068662,3.382476208818442,0
824,2,1,117,15,401.80029223296566,29.11323971968635,0
825,2,1,77,21,450.03616733019163,23.716734194410186,0
826,2,1,103,9,877.6839063321763,47.66120237726414,0
827,1,3,93,15,97.6130691710561,2.087175080786999,0
828,1,1,112,22,12.59020851994422,19.327754664170072,0
829,1,1,94,31,9.98655362146311,18.644792345441463,0
830,2,1,106,21,16.469089314720875,112.67103491842721,0
831,2,1,97,11,48.2508376109165,67.54689380869833,0
832,2,1,82,10,91.20256245034444,71.76823888570601,0
833,2,1,74,12,321.9900059503919,167.04756053650974,0
834,2,1,90,9,2466.653081865964,104.10114713577471,0
835,1,3,93,26,1862.2198830282439,90.80845245512849,0
836,1,1,109,18,1844.727045575262,50.564213862082454,0
837,1,1,102,24,1503.5912667903638,956.6097609529008,0
838,2,1,91,18,1818.2345221148598,30.518585361116315,0
839,2,1,89,16,2018.821046488404,26.525865334253766,0
840,2,1,88,10,555.4378559601925,28.433166127243755,0
841,2,1,102,10,432.2795309431196,13.873531041772921,0
842,2,1,72,23,765.4277090721853,37.54932504944545,0
843,2,1,16,13,374.4258998920719,64.31318965343415,0
844,1,3,62,13,31.287406655188786,14.120505794667258,0
845,1,1,108,17,1039.1875078756239,11.074103727484104,0
846,1,1,86,19,579.9058284609188,26.14552620975966,0
847,2,1,120,17,94.57737274218054,24.723740620788316,0
848,2,1,117,19,117.15302872085203,23.624799303315257,0
849,2,1,96,8,414.0398868704521,131.07336563054938,0
850,2,1,60,9,500.494228964687,170.5174150720574,0
851,2,1,16,13,618.1467101855706,109.60630664837095,0
852,1,3,57,25,329.6531954137625,30.83225019932054,0
853,1,1,98,15,43.86508062608924,18.88337550911156,0
854,1,1,102,13,38.60492647562827,40.83520551063337,0
855,2,1,107,18,595.6781412362619,11.913007823485174,0
856,2,1,101,10,313.72553908169294,27.126996343244244,0
857,2,1,114,12,406.4907202836363,13.900598787236413,0
858,1,1,107,15,391.9175141715784,37.67235995771765,0
859,1,1,114,10,110.20290742221114,576.9848453271647,0
860,1,3,106,13,20.611642897829427,871.079332525894,0
861,2,1,94,10,77.9494035991645,1928.128210979986,0
862,2,1,78,31,312.05251129476085,1976.6461391659777,0
863,2,1,65,15,1501.403415219196,208.900861554044,0
864,1,3,57,17,1262.3143346159763,67.18896030858463,0
865,1,1,67,19,1630.9704052409807,22.230432207125894,0
866,1,1,66,15,1142.2321099738379,13.772259648921256,0
867,2,1,88,10,1636.2364727533984,12.671095079748353,0
868,2,1,86,22,1597.2646997767931,25.672033388209694,0
869,2,1,70,18,1742.5640321003837,13.250451735878414,0
870,1,1,73,14,1243.6180979736057,15.164781998040384,0
871,1,1,70,9,1027.7755619253956,1657.217778907761,0
872,1,3,58,14,1381.1314588511316,2043.145039661527,0
873,2,1,82,25,147.649559055226,1411.6416386723192,0
874,2,1,116,22,802.3128460559863,1261.615815166466,0
875,2,1,73,31,791.7823966810913,1449.6938639567898,0
876,2,1,66,12,1103.9245958317035,1584.0729335114954,0
877,2,1,79,19,1643.9582539638577,28.148843514868194,0
878,2,1,56,14,1786.6751920291292,36.49946752643242,0
879,2,1,9,12,1725.2891369148838,34.99945975915507,0
880,1,3,51,17,1378.7879186244181,1.5245112787350892,0
881,1,1,80,12,1578.3638067412344,46.41379560866691,0
882,1,1,97,14,1280.2588728661935,889.5792915394868,0
883,2,1,105,11,1165.188283310919,32.678653060535616,0
884,2,1,98,15,652.1915432044252,4.842384444634667,0
885,2,1,101,25,286.95943509991116,12.09303555195882,0
886,1,1,71,20,585.5976739715603,0.9440639603200042,0
887,1,1,71,12,861.7344291129594,12.199029087028253,0
888,1,3,55,13,663.501707756961,1861.4170909862835,0
889,2,1,81,20,327.760512134435,883.9266500393516,0
890,2,1,70,25,466.1833547968958,26.161421253308653,0
891,2,1,67,10,1029.8769503130916,60.40019896039927,0
892,1,1,47,14,237.08133493724827,0.765439122060506,0
893,1,1,84,26,68.40719517252312,20.880948450235667,0
894,1,3,88,20,65.76032247136388,12.805710439549182,0
895,2,1,83,14,38.021529366950745,1307.8558438670545,0
896,2,1,84,16,58.51500819468471,14.716201812580355,0
897,2,1,90,14,254.09346937064964,3.7808978077865554,0
898,2,1,53,21,401.50876567035465,11.024204606913539,0
899,2,1,25,12,603.3057734894469,38.73043712601841,0
900,1,1,48,18,628.6344987076361,4.638253514237712,0
901,1,1,77,24,25.276247100380154,3.713435592855971,0
902,1,3,93,17,26.916653580453783,520.9101359310886,0
903,2,1,118,13,6.559307133561299,138.09722537296895,0
904,2,1,113,14,43.25360738751298,4.124532382794087,0
905,2,1,119,19,65.02913114482661,29.81479169151635,0
906,2,1,77,22,564.1744649244102,11.528883317548527,0
907,2,1,62,11,595.1602925681208,24.0657428734602,0
908,1,1,52,12,275.9811467536452,26.610542399126803,0
909,1,1,97,14,313.97478503686875,2020.395952895796,0
910,1,3,113,15,104.1778415624057,838.217454151696,0
911,2,1,122,14,5.723635200747727,47.68899327444107,0
912,2,1,111,14,8.555978815970663,2.8023740432879496,0
913,2,1,107,19,484.20716626944903,0.8028901365675404,0
914,2,1,59,24,878.5007951956011,34.14347537902203,0
915,2,1,59,11,3123.4314730004785,36.0556655557537,0
916,1,1,54,15,2692.3552734237446,41.47544808888,0
917,1,1,97,9,2259.437852355618,24.383815277857174,0
918,1,3,92,19,2301.1333396183977,996.474746867741,0
919,2,1,100,15,2441.167059881588,479.083713910949,0
920,2,1,106,16,2564.6282999366445,42.65168355035449,0
921,2,1,99,16,2812.7344915996364,12.15104380045363,0
922,2,1,66,13,2589.6189671089874,25.519045377219367,0
923,1,1,94,10,2516.155624449813,54.7887751105673,0
924,1,1,93,15,2527.2562597197075,57.298715326927876,0
925,1,1,72,11,2531.7319757950736,51.02868589017577,0
926,2,1,71,19,119.91617141870829,78.24319939982527,0
927,2,1,74,17,40.98686089315488,21.258574162696476,0
928,2,1,68,20,24.26471224110603,34.69593220155421,0
929,2,1,117,11,692.7659893939048,23.057956115734083,0
930,2,1,104,9,2193.8594147121166,45.50445871581903,0
931,2,1,40,7,488.8002056913916,76.4523725223134,0
932,1,3,73,22,303.0805205680769,26.001301033975594,0
933,1,1,101,20,19.46538993166188,959.2569299681746,0
934,1,1,83,14,16.63083720960017,43.36893350774584,0
935,2,1,97,9,45.282908721687406,155.54372755027956,0
936,2,1,91,14,137.31432079694582,39.87507539898603,0
937,2,1,103,10,471.9416377809298,495.7881270590674,0
938,2,1,88,9,756.8754133301233,43.34795065272781,0
939,1,3,95,14,576.9576079034222,2.967875032969039,0
940,1,1,105,13,108.26328012721095,34.6927937598788,0
941,1,1,98,9,5.483395201715462,191.90138202037613,0
942,2,1,114,25,6.387158792132464,665.822750698796,0
943,2,1,119,13,25.654259023574358,18.5360202092278,0
944,2,1,101,21,26.617094049356613,29.956590513127576,0
945,2,1,101,18,52.89643965314931,19.036160160545762,0
946,2,1,99,19,115.18139859011228,42.635499885347286,0
947,1,3,59,15,31.384910549465268,61.10030390670704,0
948,1,1,57,8,13.454576597968122,75.5408654060086,0
949,1,1,84,24,8.513784462752717,55.03232386500201,0
950,2,1,97,10,8.54892892593009,32.10663432599043,0
951,2,1,104,21,31.242438332715352,75.98518228317116,0
952,2,1,105,17,29.759613649051104,31.404394079131595,0
953,2,1,69,24,542.5566591353502,31.018883424635575,0
954,1,3,84,21,465.88303526475795,454.85648191769286,0
955,1,1,93,20,209.9730185065867,21.954371719959525,0
956,1,1,77,17,24.974295895187726,92.30968088136886,0
957,2,1,81,8,184.62850468419037,34.14640510929104,0
958,2,1,83,17,412.09999754755665,27.10409518482756,0
959,2,1,105,18,920.6020775257922,43.03369551912139,0
